99 216
100 235
104 255
107 274
113 292
124 308
137 322
152 333
171 336
190 333
208 322
224 309
237 294
244 276
246 256
246 235
246 215
106 204
115 194
129 193
143 195
156 201
174 200
189 194
203 190
218 190
229 199
167 212
167 227
166 241
166 255
153 263
161 265
168 268
175 265
183 262
123 213
131 208
142 209
150 217
141 219
131 218
187 216
195 207
206 206
214 210
208 216
197 217
137 284
149 282
160 281
168 283
177 281
190 283
203 282
190 291
177 296
168 297
160 297
149 293
142 285
160 286
168 287
177 286
198 284
177 287
168 287
160 286
