20 343
23 383
30 423
43 461
61 500
89 536
121 568
157 592
202 598
251 591
301 569
348 539
386 501
413 456
424 404
425 351
424 297
28 314
43 297
67 291
94 291
121 298
182 291
216 275
252 268
288 269
324 280
157 325
158 358
159 391
159 424
131 438
150 446
170 451
194 440
214 429
63 335
79 321
103 319
124 333
104 337
81 339
220 323
240 304
265 301
289 309
270 317
245 321
113 479
131 471
155 467
176 469
201 462
241 460
282 461
250 494
214 514
186 519
163 519
138 507
123 481
156 476
178 476
204 471
273 465
209 497
183 501
160 499
