64 208
63 222
64 239
67 254
70 270
77 285
84 298
92 311
105 316
120 316
138 309
157 300
173 286
184 269
190 249
193 227
194 205
63 194
67 187
76 186
85 187
94 191
112 189
126 185
141 185
155 188
167 195
104 201
102 214
100 227
98 240
92 247
97 250
103 253
110 250
117 248
74 202
79 198
86 198
94 203
86 204
79 204
127 203
134 198
143 198
151 202
143 204
134 204
87 272
91 267
97 265
103 267
110 266
119 269
129 274
118 277
109 279
102 279
96 278
91 276
90 272
97 270
103 271
110 271
125 274
109 271
102 272
96 271
