119 257
120 299
122 340
129 381
149 416
177 445
212 467
245 486
281 491
314 485
342 464
370 441
392 409
404 373
407 334
409 295
410 256
160 249
179 232
204 228
230 232
257 238
303 238
327 231
351 230
373 234
388 249
282 264
283 285
284 305
285 327
256 346
270 349
284 352
296 349
307 346
196 264
211 258
227 258
242 266
227 269
211 269
311 267
326 259
341 260
355 266
342 271
326 270
230 390
252 381
270 378
283 379
297 377
313 380
329 388
313 402
298 407
283 408
268 407
251 402
239 390
270 387
283 387
297 386
321 388
297 392
283 393
269 393
